# oST version 5.0 parameters


[image]

width
640

height
480

[narrow_stereo]

camera matrix
780.327805 0.000000 318.045343
0.000000 782.638228 241.279832
0.000000 0.000000 1.000000

distortion
0.139048 -0.342735 0.003393 -0.000805 0.000000

rectification
1.000000 0.000000 0.000000
0.000000 1.000000 0.000000
0.000000 0.000000 1.000000

projection
791.239441 0.000000 317.204879 0.000000
0.000000 792.376038 241.779523 0.000000
0.000000 0.000000 1.000000 0.000000

